23,[ 32.25428328  79.57670605 -16.22537216]
24,[ 32.53993784  81.72778117 -16.92366079]
25,[ 33.97623896  81.79477498 -18.98430904]
26,[ 32.3151962   81.03480294 -20.72976566]
27,[ 30.60857528  82.86070598 -21.2000344 ]
50,[ 44.56371721  91.67781104  -8.91059089]
50,[ 44.95771721  93.01381104  -6.42959089]
52,[ 44.83701937  92.69329921 -12.82280754]
53,[ 42.4881988   92.91929929 -12.86086456]
54,[ 42.07049801  95.51407275 -12.77404358]
54,[  43.77198885  102.15039307  -13.66964433]
55,[ 42.75945574  96.28791228 -15.04569561]
55,[ 42.90115482  94.24624273 -21.32349595]
56,[ 41.05780802  95.35148601 -16.69431765]
57,[ 38.93539905  96.74042201 -16.14508972]
58,[ 39.54725823  99.094851   -16.92164943]
59,[ 39.94735842  99.01719745 -19.39600135]
60,[ 37.90042725  98.08283108 -20.67677393]
122,[ 17.14333165  89.06258163  -7.77079777]
122,[ 18.48533165  88.62858163  -5.32379777]
123,[ 14.83531334  88.14490176  -7.26271745]
123,[  8.47769108  86.84927802  -9.59589217]
124,[ 14.19370679  87.45927987  -9.61221696]
124,[ 14.11270679  89.16427987 -11.90421696]
125,[ 15.51161728  85.49524906 -10.30592673]
126,[ 14.48583449  83.62503251  -8.79234067]
127,[ 12.36000661  83.29704092  -9.80545185]
128,[ 12.73888747  81.95023233 -11.86732084]
128,[ 13.50188747  84.10123233 -14.25332084]
145,[ 43.57720096  94.76121145  -5.34969302]
146,[ 37.42168779  90.74783295  -4.65877701]
147,[ 35.04277185  91.51649974  -5.16705411]
148,[ 34.8820776   93.58470379  -3.9794515 ]
149,[ 36.56614235  95.2405207   -5.06132785]
150,[ 35.72814224  95.86556368  -7.26774588]
150,[ 34.97914224  94.12656368  -9.35874588]
151,[ 33.63470224  97.21133655  -6.78123498]
152,[ 34.47653453  99.34215911  -5.71872882]
153,[  35.60494905  100.52836196   -7.55443727]
154,[  33.80734873  101.23060759   -9.10522356]
155,[  32.66536796  103.18623756   -7.93046544]
156,[  34.23320465  105.14120684   -8.0577034 ]
157,[  34.78609074  105.61294642  -10.43853467]
195,[ 24.60138977  77.81207515 -15.64482734]
196,[ 22.5476471   78.78864268 -16.59513318]
196,[ 17.8647668   81.59491881 -20.00197333]
197,[ 21.69053644  80.34652144 -14.92494666]
198,[ 23.1291779   82.37558487 -14.82260143]
199,[ 22.72978256  83.48301182 -16.97882173]
200,[ 20.45512682  84.53290299 -16.74360433]
201,[ 20.92117948  86.34899075 -14.95531731]
202,[ 21.96103238  88.19788667 -16.09047719]
203,[ 20.33810027  89.10263483 -17.69185599]
204,[ 18.53512084  90.2274574  -16.44620342]
205,[ 19.69865602  92.13748341 -15.38276357]
205,[ 22.11765602  92.19648341 -13.66776357]
206,[ 20.32222659  93.79297422 -17.11632912]
207,[ 18.15532698  94.64917516 -17.98556664]
208,[ 17.03269729  95.98571615 -16.07887524]
209,[ 18.50314842  98.00623212 -16.12716887]
210,[ 18.18600605  99.36443692 -18.23489921]
36,[ 26.36546095  94.48402569 -24.71795669]
38,[ 31.11607194  91.4304039  -21.60476544]
40,[ 35.11184592  87.81025867 -18.12291711]
42,[ 39.10020744  85.21687912 -14.09606037]
5,[ 29.9744938   93.85278476 -17.74686434]
7,[ 32.7465164   89.2910145  -14.25266749]
65,[ 28.29010425  95.84044568 -13.7619275 ]
67,[ 29.95177358  90.48690074 -10.62145447]
69,[ 31.23203765  84.47149445  -8.03828397]
167,[ 26.91877917  84.49768058  -5.88520398]
79,[ 22.50048675  86.25817852  -3.93985118]
83,[ 29.63508631  95.64503724  -0.24308462]
133,[ 20.29825823  83.30087351  -3.92033395]
135,[ 23.28386668  87.44775195  -1.25481535]
78,[ 25.0466539   82.87996467  -5.02815592]
80,[ 26.00112569  88.79366373  -4.85000562]
164,[ 28.45511274  93.88932893 -10.13721116]
166,[ 28.82764344  87.62971676  -8.57734134]
168,[ 29.3136998   81.18736337  -7.30440491]
66,[ 29.61183793  91.87945077 -14.56036828]
68,[ 32.61815879  87.21624188 -11.46882148]
4,[ 28.4065632   94.05040695 -21.84667645]
6,[ 31.90083821  90.02247984 -18.46464782]
8,[ 35.83639856  85.84896993 -14.87766966]
35,[ 22.45805942  93.42830888 -25.37304577]
37,[ 28.07654893  90.4619821  -24.95333358]
83,[ 29.63508631  95.64503724  -0.24308462]
36,[ 26.36546095  94.48402569 -24.71795669]
38,[ 31.11607194  91.4304039  -21.60476544]
40,[ 35.11184592  87.81025867 -18.12291711]
42,[ 39.10020744  85.21687912 -14.09606037]
5,[ 29.9744938   93.85278476 -17.74686434]
7,[ 32.7465164   89.2910145  -14.25266749]
65,[ 28.29010425  95.84044568 -13.7619275 ]
67,[ 29.95177358  90.48690074 -10.62145447]
69,[ 31.23203765  84.47149445  -8.03828397]
167,[ 26.91877917  84.49768058  -5.88520398]
79,[ 22.50048675  86.25817852  -3.93985118]
83,[ 29.63508631  95.64503724  -0.24308462]
36,[ 26.36546095  94.48402569 -24.71795669]
38,[ 31.11607194  91.4304039  -21.60476544]
40,[ 35.11184592  87.81025867 -18.12291711]
42,[ 39.10020744  85.21687912 -14.09606037]
5,[ 29.9744938   93.85278476 -17.74686434]
7,[ 32.7465164   89.2910145  -14.25266749]
65,[ 28.29010425  95.84044568 -13.7619275 ]
67,[ 29.95177358  90.48690074 -10.62145447]
69,[ 31.23203765  84.47149445  -8.03828397]
167,[ 26.91877917  84.49768058  -5.88520398]
79,[ 22.50048675  86.25817852  -3.93985118]
