4,[ 28.717  94.127 -21.946]
5,[ 30.21   94.127 -17.809]
6,[ 31.846  90.056 -18.497]
6,[ 31.846  90.056 -18.497]
7,[ 32.54   88.953 -14.177]
8,[ 35.907  85.986 -14.806]
23,[ 32.051  79.576 -16.156]
24,[ 32.896  82.066 -16.848]
25,[ 34.233  81.664 -19.139]
26,[ 31.986  80.794 -20.75 ]
27,[ 30.532  83.243 -21.06 ]
36,[ 26.686  94.692 -25.199]
38,[ 31.077  91.315 -21.543]
40,[ 35.153  87.768 -18.08 ]
42,[ 38.934  85.769 -13.644]
50,[ 44.741  92.042  -8.728]
51,[ 46.077  93.599 -10.626]
52,[ 44.891  92.486 -13.03 ]
53,[ 42.206  92.946 -12.631]
54,[ 42.178  95.799 -12.664]
55,[ 43.055  96.315 -15.251]
56,[ 40.901  95.064 -16.824]
57,[ 38.742  96.798 -15.945]
58,[ 39.701  99.241 -16.952]
59,[ 39.859  98.853 -19.546]
60,[ 37.646  97.874 -20.661]
64,[ 28.194  97.336 -17.99 ]
65,[ 28.355  95.985 -13.792]
66,[ 29.614  91.887 -14.562]
67,[ 30.332  91.048 -10.662]
68,[ 32.586  87.061 -11.522]
69,[ 31.004  84.12   -8.415]
78,[ 24.938  82.918  -5.45 ]
79,[ 22.426  86.19   -4.043]
80,[ 25.838  88.808  -5.014]
83,[ 29.547  95.623  -0.254]
83,[ 29.547  95.623  -0.254]
112,[ 30.644  97.961   0.573]
112,[ 30.644  97.961   0.573]
122,[ 17.253  88.92   -7.38 ]
123,[ 14.605  88.188  -7.181]
124,[ 14.318  87.511  -9.975]
125,[ 15.824  85.349 -10.273]
126,[ 14.471  83.535  -8.543]
127,[ 12.2    83.392  -9.887]
128,[ 13.044  81.66  -11.884]
128,[ 13.044  81.66  -11.884]
133,[ 20.418  83.357  -3.669]
135,[ 23.04   88.042  -1.338]
146,[ 37.369  90.539  -5.161]
147,[ 34.846  91.391  -5.269]
148,[ 35.094  93.777  -3.736]
149,[ 36.91   95.291  -5.075]
150,[ 35.484  95.737  -7.543]
151,[ 33.313  97.188  -6.628]
152,[ 34.663  99.436  -5.653]
153,[  35.897  100.485   -7.813]
154,[  33.536  101.123   -9.282]
155,[  32.509  103.286   -7.571]
156,[  34.447  105.193   -8.211]
156,[  34.447  105.193   -8.211]
157,[  34.666  105.594  -10.531]
164,[ 28.534  93.842 -10.061]
166,[ 28.848  87.525  -8.536]
167,[ 27.017  84.781  -5.804]
168,[ 29.314  81.06   -7.336]
175,[ 31.112  67.36   -7.615]
195,[ 24.614  77.823 -15.905]
196,[ 22.244  78.696 -16.779]
197,[ 21.64   80.37  -14.523]
198,[ 23.491  82.474 -14.845]
199,[ 22.708  83.46  -17.186]
200,[ 20.102  84.461 -16.677]
201,[ 21.053  86.415 -14.688]
202,[ 22.183  88.253 -16.387]
203,[ 20.239  89.032 -17.944]
204,[ 18.376  90.225 -16.166]
205,[ 19.999  92.224 -15.203]
206,[ 20.342  93.817 -17.389]
207,[ 17.879  94.545 -18.13 ]
208,[ 17.022  96.033 -15.707]
209,[ 18.726  98.089 -16.185]
210,[ 18.108  99.338 -18.492]
